Time 0 1 2 3
0.0 13.426342266852377 0.0 0.0 
0.0 0.0 0.0 13.942740046346703 
11.805836597961946 13.918812209859478 0.0 0.0 
0.0 0.0 0.0 13.9427400463467 
0.0 11.384199576606166 13.426342266852377 10.540925533894598 
8.854377448471462 0.0 0.0 11.110055505411905 
0.0 0.0 8.096638534327413 16.44384383287557 
13.525284963110142 24.099100951418638 0.0 0.0 
10.844353369380766 0.0 14.00833085464979 9.697651491183029 
0.8432740427115678 12.909944487358056 8.49117188614151 0.0 
0.0 8.854377448471464 13.525284963110145 0.0 
0.0 0.0 14.230249470757707 14.696938456699069 
12.559193180030848 10.130262692656208 13.525284963110142 0.0 
18.973665961010276 0.0 9.276014469827247 0.0 
0.0 9.276014469827247 0.0 14.28635712839351 
8.350648677398262 11.877148928369412 0.0 0.0 
9.697651491183029 0.0 10.627009613872255 20.41921752772237 
8.538149682454621 11.345091939297411 0.0 0.0 
0.0 11.805836597961953 0.0 12.97904293680992 
0.0 12.393546707863734 0.0 24.876584259991247 
0.0 11.805836597961946 17.708754896942924 0.0 
18.341210428976595 0.0 0.0 26.629974756945526 
2.5298221281347035 0.0 17.70875489694292 0.0 
25.45235199784535 6.640783086353598 0.0 32.364074733156414 
2.5298221281347035 17.389652095427326 8.694826047713663 0.0 
0.0 8.380532998165052 0.0 0.0 
38.64367132317184 0.0 29.092954473549085 0.0 
0.0 19.977765418362264 7.589466384404111 0.0 
0.0 0.0 0.0 31.397982950077118 
25.298221281347036 12.965338406690353 21.819715855161817 23.717082451262844 
0.0 0.0 14.916433890176299 20.554804791094465 
0.0 0.0 0.0 23.66924868544275 
47.338497370885506 27.828043409481737 1.9321835661585918 4.743416490252569 
0.0 7.745966692414834 18.07392228230128 25.30349119522179 
30.557050468481627 0.0 1.6865480854231356 21.172308959267212 
0.0 34.42237644323819 21.254019227744507 0.0 
0.0 0.0 1.0327955589886444 0.0 
13.914021704740868 40.47715405015526 18.029605283163207 17.23078640109035 
2.581988897471611 0.0 0.6324555320336758 0.0 
13.914021704740872 0.0 0.0 5.692099788303085 
2.41522945769824 1.2649110640673515 3.3813212407775355 0.0 
55.07005639284483 0.0 32.04788084517706 0.0 
0.0 25.298221281347036 0.0 30.779502558972226 
48.59538158211242 0.9486832980505137 22.813251509691565 0.0 
12.559193180030844 0.0 0.0 24.59923214700455 
24.03331021727968 24.78709341572747 0.0 0.0 
0.0 44.410209036511716 10.751744044572488 0.0 
10.540925533894598 0.0 5.902918298980975 27.195587877448066 
0.0 17.70875489694293 32.7556610883269 10.14396372233261 
39.762629021062814 45.32597979574677 4.42718872423573 58.46936519808186 
17.392527130926087 42.02499256394937 25.81988897471611 8.854377448471462 
0.0 0.0 1.2649110640673518 50.60698239044358 
22.703156902363457 0.0 7.728734264634366 0.0 
15.18917743365687 45.432367316704955 0.0 0.0 
51.65053511608353 0.0 1.2649110640673515 0.0 
0.0 27.195587877448066 15.888500383750648 22.703156902363453 
61.68017869984201 16.865480854231357 37.69703790308552 30.43189116699782 
0.0 12.649110640673518 0.0 0.0 
12.649110640673518 0.0 43.1005284834833 0.0 
14.261058087595668 19.32183566158592 13.042239071570497 32.5330601081423 
0.0 24.1522945769824 0.0 0.0 
11.972189997378647 0.0 13.942740046346701 0.0 
6.640783086353598 25.81988897471611 0.0 36.66424234409688 
34.058772731852805 37.69703790308553 0.0 0.0 
22.24634801489898 0.0 40.79542458005146 0.0 
36.89323936863109 66.40783086353596 25.298221281347036 39.71621555206107 
37.69703790308553 38.474378198715286 39.70726214015097 0.0 
39.762629021062814 48.31562894136844 0.0 0.0 
23.08462691922917 20.023597190426212 9.44281031614353 32.88768766575115 
21.081851067789195 7.273238618387271 0.0 0.0 
0.0 19.17898155099309 23.54664401659915 27.367661370473165 
0.0 40.57585488933044 0.0 0.0 
24.1522945769824 0.0 21.081851067789195 27.0752039081272 
26.246904579397555 0.0 33.06559138036599 26.984769366770173 
0.0 14.00833085464979 15.811388300841896 3.7947331922020555 
44.3933178154851 0.0 34.23594602168896 26.98476936677017 
0.0 0.0 37.94733192202055 52.17758139277826 
0.0 13.176156917368248 0.0 0.0 
41.832470110615695 43.53083198531053 53.72522684921861 51.1233801699379 
0.0 12.909944487358056 0.0 0.0 
0.0 27.027557952743138 0.0 0.0 
49.453007997491916 0.0 3.794733192202055 30.43189116699782 
0.0 21.819715855161814 16.760071598892416 37.96489606641026 
0.0 14.471811681103832 0.0 0.0 
51.1233801699379 0.0 22.992994102068955 0.0 
14.974422637729086 16.431676725154983 27.933452664820685 47.3384973708855 
1.6865480854231354 4.743416490252569 19.606121493043954 19.623115620784247 
14.033293744995627 5.316640543300503 31.095730324989063 20.027758514399736 
7.58946638440411 0.0 22.703156902363453 20.027758514399736 
28.460498941515414 7.791733511299723 0.0 12.016655108639844 
0.0 38.64367132317184 30.357316526113877 14.491376746189438 
14.459137825841022 0.0 27.933452664820685 0.0 
26.770630673681683 25.298221281347036 28.249680430837522 0.0 
30.67409330363328 0.0 32.77126112244623 12.649110640673518 
16.906606203887677 20.79422996891205 0.0 24.63534046852205 
48.488257455915154 0.0 0.0 0.0 
0.0 7.554248252914824 34.22734449400233 24.63534046852205 
28.016661709299584 32.01666232864798 24.876584259991247 0.0 
8.85437744847146 26.332067480123502 10.137389539061164 0.0 
0.0 0.0 16.722905117100783 33.68151487751767 
0.0 28.987545218210144 0.0 0.0 
20.5815451315007 26.141495324058603 0.0 21.503488089144977 
39.12671721471148 0.0 8.148619514985345 50.60698239044358 
4.743416490252569 28.401877872187722 40.57585488933044 0.0 
3.3813212407775364 24.496938584239462 31.095730324989063 47.3384973708855 
41.4354920327972 43.21779468896785 0.0 0.0 
52.17758139277826 24.78709341572747 35.41750979388585 42.16370213557839 
0.0 0.0 38.25354014118606 35.11504900561391 
30.635672743461082 30.37835486731374 0.0 13.492384683385083 
47.821543262425145 0.0 39.20544179915164 37.99415159673335 
35.2623500823943 36.14784456460256 0.0 21.674613927101195 
0.0 48.00277769740692 0.0 36.711487757013245 
36.2284418654736 0.0 37.05851229249946 22.87186529827032 
29.514591494904874 30.779502558972226 0.0 40.79542458005146 
23.386843404881397 22.45217138719549 36.2284418654736 22.45217138719549 
67.4138132894307 0.0 0.0 0.0 
35.82503779946831 24.34953798329652 38.72983346207417 37.47903117448179 
36.89323936863109 33.30932468710694 22.768399153212332 0.0 
37.35549937202464 32.46605064439536 0.0 39.762629021062814 
0.0 39.557131678961085 0.0 0.0 
40.27902680055714 0.0 32.88768766575115 36.14784456460256 
0.0 30.82279099050643 0.0 37.69703790308553 
22.45217138719549 0.0 24.665765749313362 0.0 
0.0 36.27809256286775 40.27902680055713 29.514591494904874 
24.033310217279688 0.0 0.0 37.94733192202055 
41.31182235954578 0.0 40.27902680055713 0.0 
0.0 0.0 37.1806401235912 0.0 
22.135943621178654 34.296258299315014 0.0 36.19453611312686 
38.64367132317184 12.559193180030846 30.35786553761644 0.0 
0.0 0.0 57.967040443494945 0.0 
26.889898970927106 30.805663260006085 0.0 42.87825141542557 
45.048245742142335 13.426342266852378 53.97375905629204 0.0 
36.26078383659742 30.4968122195674 0.0 16.127616066858728 
36.17073709813255 0.0 0.0 25.193473581686007 
0.0 45.95940237499468 20.241870796280995 0.0 
24.033310217279688 0.0 27.050569926220284 25.34122684042306 
46.90711862583096 0.0 35.8242624177774 34.785054261852174 
0.0 0.0 17.70875489694293 17.708754896942924 
0.0 13.525284963110142 0.0 0.0 
28.144271175498574 0.0 42.99108434702867 34.34287893193192 
55.079740175292926 24.471298380846992 0.0 12.398924684557661 
0.0 0.0 4.216370213557839 0.0 
74.40885550643671 15.284342024147167 0.0 35.88082124664002 
14.459137825841024 20.23857702507763 2.5298221281347035 0.0 
16.81566729769196 12.227473619317733 0.0 0.0 
0.0 11.110055505411902 0.0 0.0 
19.340228655433325 0.0 12.393546707863734 0.0 
13.83594352884303 0.0 0.0 0.0 
9.486832980505138 12.122064363978788 0.0 11.877148928369412 
11.32156251485535 0.0 12.649110640673518 0.0 
12.649110640673518 0.0 0.0 10.540925533894598 
10.757942802103631 0.0 0.0 7.273238618387273 
12.258783698955527 0.0 0.0 6.324555320336759 
10.119288512538814 0.0 0.0 22.832968366912883 
14.352700094407323 0.0 0.0 13.525284963110142 
13.042239071570497 13.525284963110142 0.0 9.170605214488297 
7.905694150420948 0.0 0.0 12.0761472884912 
11.384199576606166 0.0 12.909944487358056 12.0761472884912 
21.814623026258737 0.0 0.0 9.368979548370131 
11.59310139695155 0.0 0.0 0.0 
11.593101396951552 10.627009613872254 13.176156917368248 12.909944487358056 
12.769755936064975 13.042239071570496 11.36075114887509 17.126976771553505 
10.782702196883056 10.864826019980459 0.0 0.0 
0.0 0.0 0.8432740427115678 21.70509412813294 
17.73258143769385 22.444004396126225 0.0 9.486832980505138 
0.0 39.00142447541001 25.07965089248431 0.0 
30.401754335344968 0.0 0.0 30.35786553761644 
0.0 22.784985309531262 0.0 0.0 
38.74704289792104 0.0 47.43416490252569 30.35786553761644 
0.0 38.64367132317184 29.936228516260655 0.0 
51.923982898079 36.14784456460256 55.267028547267174 32.04441362303957 
40.5825633054942 38.22172157294854 34.675639864319734 23.08462691922917 
40.27902680055714 0.0 36.14784456460256 0.0 
39.762629021062814 38.64367132317184 39.24623124156849 33.54333846765338 
36.14784456460256 30.779502558972226 36.14784456460256 0.0 
37.67757954009253 24.13503677229434 0.0 33.46706507066977 
36.89323936863109 0.0 22.768399153212332 0.0 
32.46605064439536 0.0 24.033310217279688 0.0 
41.31182235954578 37.689521090085506 30.35786553761644 31.74131552269236 
24.34953798329652 0.0 37.1945336485529 0.0 
69.46949770302871 0.0 0.0 31.741315522692368 
29.936228516260655 39.32259740488498 40.5825633054942 0.0 
55.502152110426216 0.0 22.768399153212332 38.21343568257985 
0.0 0.0 0.0 0.0 
64.84896983675908 31.243843838071168 30.57958650981257 0.0 
24.34953798329652 0.0 0.0 23.313324754549942 
40.150965119159956 0.0 0.0 41.636655858883664 
40.00569403916842 36.59325985296564 28.2724836781867 0.0 
0.0 36.14784456460256 0.0 32.887687665751145 
98.17127889561182 0.0 12.559193180030846 39.93939853772908 
36.508142166432464 51.05160787543001 0.0 0.0 
0.0 9.803060746521979 30.35786553761644 24.953289696283868 
29.72541000558276 26.972413891068612 0.0 0.0 
0.0 0.0 16.022206811519787 27.82804340948174 
9.276014469827247 11.59310139695155 0.0 0.0 
0.0 6.196773353931867 0.0 0.0 
0.0 5.313504806936128 18.355743878506622 26.852684533704753 
28.964345898592867 4.898979485566356 0.0 5.680375574437544 
0.0 9.640193635676274 12.559193180030846 0.0 
31.15284898689043 1.4491376746189437 0.0 16.44384383287557 
18.552028939654495 13.525284963110142 0.0 5.797509043642029 
0.0 0.0 11.792653080060767 23.866294224282075 
10.300485425454474 0.0 10.540925533894598 0.0 
10.962562555250381 12.065101187585071 9.276014469827247 10.844353369380766 
10.844353369380766 11.80583659796195 0.0 8.538149682454621 
13.426342266852377 23.368782595591068 10.540925533894598 8.854377448471464 
0.0 14.757295747452437 12.649110640673518 0.0 
0.0 36.89323936863109 0.0 27.27636339397171 
41.31182235954578 36.66424234409687 9.486832980505138 0.0 
34.77930419085465 36.89323936863109 25.298221281347036 0.0 
0.0 39.16077969942206 0.0 22.1733072759919 
40.92486340165895 0.0 0.0 40.05551702879947 
37.1806401235912 0.0 37.855867004556465 2.5298221281347035 
0.0 25.036861713170932 0.0 0.0 
23.171821968359183 0.0 0.0 39.24623124156849 
0.0 41.10960958218893 4.216370213557839 40.05551702879947 
0.0 0.0 0.0 40.27902680055714 
22.135943621178654 0.0 22.45217138719549 0.0 
0.0 31.10198278781167 0.0 0.0 
25.298221281347036 0.0 0.0 35.687532837112734 
38.64367132317184 0.0 22.45217138719549 0.0 
30.87771580498359 35.862236405444655 0.0 30.469657037781047 
29.574012616184206 0.0 31.584806473999485 0.0 
71.00774605632826 25.105112361163943 0.0 0.0 
36.664242344096884 24.665765749313362 0.0 30.83378378049347 
33.88362436340008 37.677579540092545 24.423349483639626 39.246231241568495 
0.0 23.295206946208197 0.0 26.716827822346144 
34.296258299315 0.0 24.889980134807484 32.044413623039574 
0.0 17.374630291830034 0.0 8.669230390037836 
15.811388300841896 0.0 14.491376746189438 0.0 
0.0 15.811388300841896 12.559193180030844 10.627009613872255 
0.0 0.0 0.0 9.697651491183029 
15.491933384829668 12.649110640673518 0.0 0.0 
0.0 0.0 6.957010852370433 8.981462390204987 
0.0 0.0 11.595018087284059 6.324555320336759 
14.757295747452437 7.905694150420948 0.0 14.975535605335345 
11.360751148875089 0.0 0.0 8.85437744847146 
14.459137825841022 8.854377448471464 10.627009613872254 10.413666234542205 
10.627009613872255 0.0 10.540925533894598 0.0 
23.760144032485247 0.0 0.0 11.140017953306899 
8.538149682454621 41.497121720802646 10.327955589886445 13.583077707206124 
35.745395973933945 0.0 42.16370213557839 0.0 
24.762202379163824 12.909944487358056 0.0 19.636700333813717 
32.589023373590756 39.09305138597736 33.730961708462715 0.0 
0.0 0.0 38.72983346207417 0.0 
25.298221281347036 0.0 0.0 22.135943621178654 
0.0 30.390970881350782 36.2284418654736 0.0 
24.427898440558128 0.0 23.08462691922917 36.14784456460256 
0.0 22.135943621178654 34.296258299315 33.30932468710692 
1.4491376746189437 38.21343568257985 35.2623500823943 0.0 
76.4268713651597 0.0 24.981993515330192 3.0983866769659336 
38.21343568257985 23.40085468524601 29.93622851626066 12.909944487358056 
60.779108252754085 13.942740046346701 0.0 35.2623500823943 
7.905694150420948 0.0 11.595018087284059 0.0 
0.0 11.360751148875089 10.962562555250381 15.811388300841896 
16.877335229367358 14.230249470757707 11.360751148875089 0.0 
38.21343568257985 0.0 12.559193180030848 15.491933384829668 
0.0 0.0 24.033310217279688 23.08462691922917 
36.80715510151072 23.717082451262844 0.0 0.0 
0.0 0.0 36.711487757013245 0.0 
49.90223775877524 0.0 41.31182235954578 23.37163523019588 
37.19453364855289 40.27902680055713 0.0 0.0 
35.16374395437563 0.0 0.0 0.0 
36.89323936863109 0.0 22.768399153212332 24.24894041213164 
38.86858199969054 41.10960958218893 0.0 0.0 
74.3612802471824 34.779304190854646 22.768399153212332 38.81809429176611 
8.854377448471466 42.16370213557839 0.0 14.459137825841022 
11.704225257952311 22.526280947669395 33.96468754456605 29.5296461204668 
0.0 0.0 12.649110640673518 0.0 
20.864909404175336 10.540925533894598 6.324555320336759 11.226951698677803 
9.276014469827247 15.284342024147167 0.0 11.805836597961953 
0.0 14.491376746189438 12.649110640673518 10.327955589886445 
13.703203194062977 14.491376746189438 0.0 0.0 
0.0 14.975535605335347 0.0 10.540925533894598 
13.426342266852377 9.128709291752768 0.0 13.525284963110142 
11.595018087284059 12.649110640673518 0.0 0.0 
35.2623500823943 10.540925533894598 0.0 27.741865674664187 
15.495160534825061 23.717082451262844 0.0 0.0 
22.84245559868242 0.0 0.0 8.221921916437788 
0.0 31.622776601683793 39.24623124156849 24.894443824543124 
37.15194028131864 0.0 0.0 0.0 
33.81321240777535 24.033310217279688 0.0 0.0 
0.0 23.40085468524601 36.711487757013245 39.77939164944582 
24.94794580722028 24.50034013369338 0.0 31.622776601683793 
24.63534046852205 0.0 24.473114500065854 41.31182235954578 
36.664242344096884 33.30932468710694 0.0 31.622776601683793 
33.81321240777535 33.81321240777535 0.0 0.0 
24.376901635222907 0.0 37.67757954009254 0.0 
36.89323936863109 28.708496612985115 12.649110640673518 36.2284418654736 
30.503915959904045 0.0 0.0 0.0 
11.067971810589327 10.119288512538814 0.0 9.276014469827247 
26.50031446354301 0.0 14.491376746189438 6.324555320336759 
10.699948078794069 0.0 0.0 10.627009613872255 
0.0 0.0 0.0 7.6194196337749736 
15.284342024147167 0.0 0.0 0.0 
12.815355372885035 0.0 0.0 12.0761472884912 
0.0 0.0 0.0 0.0 
24.531385792263933 0.0 0.0 0.0 
10.21763181955584 12.452576707921404 0.0 0.0 
14.975535605335347 0.0 10.119288512538814 0.0 
21.07763427585427 7.393691004272944 9.7182531580755 0.0 
13.002563849743892 13.426342266852378 12.393546707863734 0.0 
0.0 0.0 14.179797835888449 15.523816827342715 
0.0 11.647126493498538 0.0 0.0 
6.613118276073196 8.221921916437784 0.0 0.0 
6.957010852370436 14.459137825841022 0.0 10.863291909504738 
10.143963722332607 25.81988897471611 15.491933384829668 0.0 
14.008330854649792 0.0 0.0 0.0 
17.44706279005151 7.58946638440411 0.0 14.975535605335345 
12.728358539541189 13.42634226685238 12.649110640673518 0.0 
10.962562555250384 11.595018087284059 0.0 0.0 
13.206059215375342 0.0 10.627009613872255 0.0 
10.540925533894598 25.295805537238337 0.0 20.660214046433413 
12.764534199622537 6.957010852370436 12.909944487358056 0.0 
14.459137825841022 13.792107243718133 17.481418706729723 0.0 
12.037441588643327 12.011105971835677 0.0 12.0761472884912 
24.454947238635466 14.143706884846152 32.27038546063213 0.0 
11.59310139695155 21.447610589527216 11.360751148875089 0.0 
12.766710182693462 8.854377448471464 13.9427400463467 15.491933384829668 
12.305825178887165 0.0 11.419281938896157 13.042239071570496 
12.649110640673518 0.0 13.042239071570497 18.12426243710041 
7.905694150420948 11.80583659796195 11.384199576606166 8.538149682454621 
16.80773631397161 13.525284963110142 0.0 10.327955589886445 
0.0 11.80583659796195 9.276014469827247 11.110055505411902 
7.58946638440411 8.854377448471466 9.486832980505138 0.0 
17.076299364909243 10.844353369380768 7.905694150420948 19.16623187912648 
13.042239071570496 0.0 11.360751148875089 8.538149682454621 
9.741663102366042 11.59310139695155 10.540925533894598 6.957010852370436 
13.525284963110145 11.384199576606166 10.327955589886445 21.503488089144977 
15.811388300841896 0.0 7.58946638440411 0.0 
21.07763427585427 0.0 19.900865419484763 9.170605214488297 
23.190036174568117 24.086879785015277 17.893512169995518 19.14157778240864 
15.324635214074249 0.0 17.467748058127647 14.00833085464979 
13.260216187277392 14.573949361789344 0.0 0.0 
11.593101396951552 8.854377448471464 10.119288512538814 11.59310139695155 
15.284342024147167 12.231107881136525 0.0 8.432740427115679 
21.757501899089633 0.0 12.227473619317731 0.0 
12.393546707863734 20.660214046433413 0.0 8.432740427115679 
19.027465528662624 0.0 8.875058685251984 0.0 
6.957010852370433 11.352924243950934 0.0 0.0 
7.933053216343211 0.0 0.0 0.0 
9.276014469827247 10.327955589886445 10.587728746053141 0.0 
8.221921916437784 6.324555320336759 0.0 0.0 
0.0 0.0 12.393546707863734 7.905694150420948 
8.538149682454621 0.0 12.909944487358056 0.0 
0.0 6.324555320336759 0.0 8.432740427115679 
16.384274303259343 0.0 12.227473619317736 13.475904422338413 
10.060373308735175 0.0 0.0 13.39319893743753 
16.68032773459003 0.0 0.0 0.0 
22.867735640708577 0.0 0.0 0.0 
8.432740427115679 0.0 0.0 20.111080417410584 
20.753580681682646 8.538149682454621 25.504683665728713 0.0 
8.538149682454621 0.0 0.0 15.811388300841896 
0.0 0.0 9.66091783079296 8.221921916437784 
14.75127113166862 13.42634226685238 23.847664688835074 14.491376746189438 
11.877148928369413 7.905694150420948 0.0 0.0 
11.976365614548236 0.0 10.327955589886445 13.42634226685238 
0.0 22.973414586817036 0.0 6.640783086353598 
20.28244999446018 0.0 10.962562555250381 0.0 
15.491933384829668 0.0 0.0 0.0 
8.854377448471466 21.081851067789195 12.559193180030848 9.228578799938086 
13.333333333333334 9.697651491183029 0.0 0.0 
14.975535605335345 0.0 0.0 10.627009613872254 
7.703534542302283 0.0 0.0 0.0 
21.56746520932758 1.0327955589886444 0.0 0.0 
15.491933384829668 0.0 0.0 10.119288512538814 
11.877148928369412 7.58946638440411 0.0 13.571211359999438 
9.480389115314717 6.640783086353598 0.0 9.66091783079296 
24.564880079766997 19.818341672972203 10.327955589886445 23.866294224282075 
9.276014469827246 0.0 15.491933384829668 8.432740427115679 
14.491376746189438 23.37520053389917 8.432740427115679 0.0 
0.0 0.0 11.593101396951552 0.0 
14.99036727739221 12.227473619317736 9.486832980505138 0.0 
0.0 11.805836597961953 10.119288512538814 0.0 
24.653374797152804 15.064675384635557 0.0 0.0 
0.0 9.437513796899408 0.0 0.0 
19.390719429665317 7.58946638440411 18.434568976065954 0.0 
13.62350909274112 17.029386365926403 0.0 11.360751148875089 
0.0 0.0 8.538149682454621 10.327955589886445 
14.787382008545888 11.59310139695155 10.96256255525038 13.703203194062977 
12.649110640673518 10.627009613872255 0.0 11.595018087284059 
10.699948078794069 0.0 0.0 10.540925533894598 
11.972189997378647 8.854377448471466 0.0 0.0 
7.171703656268385 12.85128614402292 0.0 0.0 
13.176156917368248 0.0 0.0 0.0 
13.042239071570494 12.429802894656053 0.0 0.0 
16.00833116432399 0.0 0.0 10.327955589886445 
11.836384583140243 11.360751148875089 0.0 0.0 
11.595018087284059 0.0 0.0 10.540925533894598 
6.447221623821121 6.324555320336759 0.0 9.66091783079296 
11.595018087284059 7.58946638440411 0.0 12.0761472884912 
7.273238618387271 0.0 14.491376746189438 0.0 
9.118966803073446 10.327955589886445 0.0 0.0 
7.273238618387271 0.0 20.908530954293912 0.0 
11.110055505411902 13.942740046346703 15.491933384829668 0.0 
9.350579304691946 0.0 11.86217143322044 0.0 
19.001754304975808 13.042239071570494 10.844353369380766 0.0 
9.697651491183029 9.486832980505138 0.0 7.273238618387273 
15.284342024147167 0.0 17.455021563371897 12.909944487358056 
13.42634226685238 9.486832980505138 0.0 11.110055505411902 
7.58946638440411 8.538149682454621 0.0 0.0 
0.0 0.0 10.327955589886445 10.540925533894598 
16.991501143545594 11.384199576606166 0.0 0.0 
11.471704319759992 0.0 10.327955589886445 10.540925533894598 
13.426342266852378 13.042239071570494 0.0 0.0 
11.972189997378647 0.0 0.0 12.0761472884912 
12.85992915135141 16.71493011917456 13.42634226685238 24.76646478159081 
10.865337342004414 0.0 0.0 9.486832980505138 
16.754435565279753 12.559193180030848 0.0 19.085771314428627 
10.540925533894598 0.0 12.559193180030844 15.811388300841896 
12.312595177297109 0.0 0.0 13.042239071570496 
19.36319532859526 0.0 22.72150229775018 12.227473619317733 
12.203824537141353 0.0 0.0 14.491376746189438 
16.665333279995732 12.0761472884912 11.360751148875089 9.170605214488297 
0.0 0.0 10.627009613872254 21.645887471860433 
17.44069315645963 0.0 0.0 10.844353369380766 
0.0 12.0761472884912 14.975535605335343 0.0 
7.922541679705238 0.0 0.0 18.387495751189174 
0.0 0.0 11.205653335110215 0.0 
11.413929112175955 0.0 0.0 10.627009613872255 
0.0 0.0 11.59310139695155 6.324555320336759 
14.230249470757707 15.811388300841896 21.737065119284157 10.627009613872255 
12.909944487358056 0.0 0.0 0.0 
13.942740046346701 14.491376746189438 13.268174118711451 0.0 
12.122064363978788 0.0 0.0 0.0 
8.934328302800509 0.0 12.393546707863734 0.0 
0.5163977794943222 0.0 13.426342266852377 0.0 
14.990737881179239 0.0 0.0 0.0 
12.393546707863734 8.432740427115679 11.59310139695155 0.0 
12.97047930237481 0.0 12.649110640673518 0.0 
8.579044235810887 0.0 7.905694150420948 0.0 
8.854377448471466 0.0 15.326447729333758 11.80583659796195 
7.905694150420948 10.540925533894598 7.905694150420948 0.0 
13.339998334166149 12.393546707863734 0.0 0.0 
0.0 0.0 0.0 13.52528496311014 
0.0 17.001960671248085 0.0 0.0 
17.688979620091146 0.0 9.486832980505138 13.42634226685238 
23.150713931875956 14.425671561490647 0.0 13.525284963110142 
9.486832980505138 8.85437744847146 0.0 14.024185458620325 
8.353974436691132 0.0 9.264628073124864 0.0 
10.540925533894598 12.227473619317733 0.0 15.306135298558477 
10.844353369380766 0.0 0.0 0.0 
10.854594521317795 8.854377448471462 0.0 23.283041038489795 
9.425733098515174 12.909944487358056 0.0 0.0 
16.39241016785241 7.8662429264406635 0.0 0.0 
9.69765149118303 7.6077445920442 0.0 0.0 
8.538149682454623 0.0 9.276014469827247 15.811388300841896 
11.593101396951552 14.00833085464979 0.0 0.0 
12.810152223919903 11.38029486046434 0.0 8.854377448471464 
7.58946638440411 9.1706052144883 11.360751148875089 12.909944487358056 
11.59310139695155 8.85437744847146 0.0 10.143963722332607 
8.221921916437784 12.14221286806212 0.0 0.0 
16.44384383287557 18.696702026471584 0.0 9.486832980505138 
11.593101396951552 12.393546707863734 0.0 11.59310139695155 
14.00833085464979 0.0 0.0 0.0 
11.905180945005974 0.0 0.0 14.491376746189438 
0.0 12.186057606953941 12.649110640673518 0.0 
18.13039191829871 0.0 9.276014469827247 0.0 
10.490207073477837 14.222048610051461 13.525284963110142 0.0 
0.0 0.0 0.5270462766947299 6.640783086353598 
11.59310139695155 0.0 14.975535605335347 9.170605214488297 
13.499382701936165 15.491933384829668 21.385353243127252 0.0 
0.0 13.525284963110142 15.284342024147167 21.081851067789195 
14.491376746189438 0.0 10.14396372233261 0.0 
16.275748830699005 0.0 0.0 0.0 
0.0 14.459137825841022 8.854377448471462 13.942740046346701 
19.14157778240864 0.0 0.0 15.811388300841896 
0.0 14.459137825841024 0.0 0.0 
11.805836597961953 0.0 11.384199576606166 24.19917353960668 
10.119288512538814 8.854377448471464 11.80583659796195 0.0 
13.426342266852378 11.067971810589327 7.58946638440411 10.962562555250381 
17.080202965226537 0.0 8.854377448471466 14.008330854649792 
11.803954139750516 10.844353369380766 0.0 0.0 
0.0 11.63376312482098 0.0 10.962562555250381 
6.640783086353598 11.067971810589327 14.008330854649792 14.975535605335345 
12.122064363978788 10.540925533894598 0.0 9.66091783079296 
12.559193180030848 14.975535605335343 14.095310488874581 11.792653080060767 
8.854377448471464 0.0 9.66091783079296 9.66091783079296 
0.0 12.122064363978788 12.0761472884912 10.627009613872255 
0.0 12.227473619317736 10.327955589886445 10.540925533894598 
8.221921916437788 0.0 0.0 12.96148139681572 
0.0 7.273238618387273 9.276014469827247 0.0 
7.986794656737387 0.0 0.0 0.0 
13.942740046346701 0.0 0.0 13.042239071570496 
12.909944487358056 0.0 7.37563556583431 14.975535605335343 
21.666410254893016 0.0 0.0 0.0 
0.0 0.0 12.393546707863734 11.877148928369412 
23.139432433258456 0.0 0.0 14.008330854649792 
11.384199576606166 8.854377448471464 0.0 11.110055505411902 
18.25772287127955 0.0 0.0 0.0 
10.954958288880478 0.0 0.0 14.129952425806522 
0.0 7.483314773547883 12.227473619317733 6.640783086353598 
12.946041866145807 14.975535605335343 0.0 19.822546086043875 
10.844353369380766 7.58946638440411 11.595018087284059 0.0 
9.919677414109797 15.284342024147167 14.975535605335345 19.75854245636555 
0.0 14.230249470757707 0.0 0.0 
13.607595917966798 0.0 8.446564061465727 14.008330854649792 
13.467656729282112 13.942740046346703 28.918275651682045 11.80583659796195 
10.627009613872255 0.0 8.491171886141512 14.975535605335345 
7.589466384404111 0.0 12.249263016379576 0.0 
18.341210428976595 0.0 12.559193180030846 11.805836597961946 
