28.0 10.4 0.0 0.0 
28.0 26.0 0.0 16.2 
5.6 39.8 0.0 27.0 
0.0 27.0 0.0 37.8 
0.0 5.4 10.4 47.0 
4.2 0.0 26.0 68.1 
21.0 0.0 28.0 28.2 
40.6 30.1 25.0 23.0 
40.6 55.0 45.3 4.6 
27.6 70.0 53.1 0.0 
26.0 27.8 75.6 0.0 
26.0 25.0 41.5 24.0 
18.2 4.8 19.6 51.0 
9.0 23.0 4.4 51.0 
45.0 27.4 22.0 21.9 
49.2 35.8 22.0 0.0 
31.6 22.0 15.4 29.5 
24.3 16.4 0.0 55.0 
0.0 46.4 0.0 28.7 
0.0 37.6 0.0 47.2 
0.0 5.6 33.6 59.0 
5.8 0.0 42.0 113.4 
59.2 0.0 8.4 67.0 
76.4 2.1 0.0 46.9 
84.8 31.8 5.4 0.0 
80.0 57.7 18.0 0.0 
56.0 43.0 73.2 0.0 
80.0 23.0 72.6 45.0 
80.0 0.0 99.0 90.5 
8.0 36.9 36.9 87.5 
98.0 41.0 21.5 73.5 
98.0 41.0 35.0 29.7 
29.4 13.2 37.8 50.5 
0.0 75.0 25.0 29.4 
13.8 81.0 0.8 24.6 
99.0 63.3 30.8 41.0 
99.0 96.0 45.2 41.0 
39.4 76.8 47.8 45.3 
49.0 0.0 26.8 55.0 
90.6 0.0 25.0 56.8 
93.5 2.4 2.1 73.0 
67.6 3.0 48.8 73.0 
119.0 27.0 85.0 58.4 
89.8 48.3 53.0 73.0 
18.2 48.0 34.0 68.3 
71.6 19.2 34.0 86.0 
83.0 90.4 3.4 86.0 
67.0 142.0 2.8 8.6 
77.0 91.6 49.4 14.7 
46.2 43.0 84.6 123.0 
52.5 26.1 52.0 150.2 
102.0 87.0 0.6 106.8 
87.9 87.0 7.8 0.0 
56.6 43.1 19.0 0.0 
91.0 86.0 16.6 0.0 
140.0 77.4 36.0 14.1 
94.0 8.0 111.8 65.9 
50.0 46.0 141.0 110.0 
62.0 70.0 25.9 63.0 
46.4 58.0 18.9 37.8 
50.0 35.0 27.0 0.0 
29.0 50.0 16.2 0.0 
38.9 30.0 0.0 28.4 
65.0 29.2 80.0 71.0 
90.3 73.0 111.6 71.0 
112.0 164.0 87.0 37.6 
106.2 176.5 42.0 78.0 
103.8 83.8 25.0 78.0 
65.7 68.5 28.5 15.6 
10.0 77.7 55.0 0.0 
50.0 48.5 41.0 30.1 
133.0 58.8 0.0 55.0 
118.0 84.0 40.0 32.8 
74.7 84.0 124.0 63.2 
4.0 8.7 145.0 65.2 
46.1 29.0 112.1 12.8 
85.0 29.0 84.0 49.5 
85.0 24.5 120.0 99.0 
48.2 87.4 70.8 39.6 
71.0 96.0 90.0 63.0 
71.0 76.4 90.0 104.0 
56.6 76.0 1.8 59.9 
99.0 69.1 14.3 36.0 
99.0 18.1 62.0 98.0 
39.6 33.0 105.3 98.0 
9.3 30.0 88.5 68.6 
31.8 19.5 55.8 15.2 
29.6 25.4 29.5 57.0 
16.4 20.0 91.9 57.0 
47.0 12.4 106.0 34.2 
118.0 56.0 90.7 9.0 
106.8 80.0 93.5 30.0 
30.0 72.0 106.6 30.0 
122.3 0.0 55.2 6.0 
107.5 11.8 85.0 35.7 
23.0 70.0 85.0 51.0 
115.0 75.2 21.2 15.3 
97.6 44.8 76.2 0.0 
73.8 89.4 80.9 0.0 
78.0 86.0 61.9 61.0 
78.0 27.5 73.0 90.0 
22.6 104.6 73.0 28.8 
46.3 117.0 6.8 58.8 
89.5 84.0 69.8 98.0 
83.1 27.9 124.5 168.6 
41.7 89.0 154.0 100.0 
52.5 110.8 86.8 20.0 
102.0 82.0 55.0 27.2 
113.9 57.2 82.0 93.6 
102.7 70.0 56.8 132.0 
51.1 42.0 80.0 156.7 
70.0 72.6 80.0 101.8 
92.5 144.0 23.0 64.7 
131.0 129.4 75.0 118.4 
81.5 85.1 127.5 142.9 
144.8 157.0 75.0 79.0 
239.1 148.3 45.0 54.3 
183.0 171.8 64.8 77.0 
105.9 94.4 72.0 46.2 
78.0 45.9 72.0 73.0 
31.2 74.0 62.4 115.0 
71.0 58.4 78.0 113.8 
63.9 70.0 70.2 70.0 
76.0 112.9 31.2 14.0 
68.4 71.0 78.0 36.0 
118.0 0.0 46.8 72.0 
150.0 0.0 43.2 72.0 
87.0 49.7 72.0 52.4 
104.0 78.8 57.6 76.0 
80.0 97.0 56.2 76.0 
76.2 108.1 149.0 70.1 
167.7 112.6 102.5 117.0 
130.2 99.5 79.0 111.9 
95.1 89.0 79.0 112.6 
76.0 35.6 52.8 122.0 
68.4 0.0 52.8 68.2 
44.5 0.0 84.6 65.0 
89.0 0.0 139.4 86.4 
89.0 19.4 89.0 104.0 
8.9 39.0 62.3 77.9 
71.0 80.8 0.0 95.2 
163.0 64.0 4.0 90.0 
101.3 78.5 8.0 24.9 
16.8 35.4 7.2 0.0 
54.9 23.2 0.0 0.0 
87.0 6.9 0.0 0.0 
58.6 23.0 9.6 0.0 
44.9 23.0 24.0 0.0 
80.0 11.5 24.0 9.2 
60.8 0.0 12.0 23.0 
78.0 0.0 0.0 33.0 
58.2 0.0 0.0 22.3 
56.5 0.0 0.0 46.0 
46.8 0.0 0.0 47.7 
45.0 0.0 0.0 63.4 
45.9 19.6 0.0 52.1 
76.5 28.0 0.0 7.5 
57.4 28.0 10.0 32.5 
19.1 0.0 25.0 54.0 
36.2 0.0 25.0 55.0 
69.8 15.4 12.5 40.0 
67.2 30.1 13.2 66.0 
50.4 35.4 22.0 80.0 
56.0 47.0 21.6 64.0 
81.0 30.2 20.0 3.0 
71.0 37.0 89.1 0.0 
57.6 74.0 79.0 57.6 
75.0 64.6 79.0 72.0 
105.0 70.0 135.0 57.6 
151.0 94.0 206.8 73.0 
107.1 108.0 138.0 133.8 
38.5 55.3 96.8 83.3 
123.8 73.0 118.0 76.0 
108.8 97.0 100.4 63.6 
106.0 138.4 42.0 80.0 
93.4 83.5 76.0 63.4 
35.0 71.0 83.2 74.0 
61.6 71.0 140.4 74.0 
125.0 54.5 57.6 60.2 
87.7 79.0 53.9 76.0 
170.3 79.0 77.0 60.2 
207.8 45.6 38.5 74.0 
137.4 73.0 64.8 44.4 
143.0 73.0 72.0 73.0 
178.5 59.2 58.0 73.0 
160.7 77.0 74.0 66.2 
276.9 77.0 74.0 117.5 
265.3 52.8 57.0 157.0 
313.0 94.0 26.0 141.4 
188.6 136.0 114.2 32.6 
68.2 123.4 96.0 2.0 
94.0 85.9 86.4 11.0 
84.6 64.8 0.0 81.0 
0.0 24.0 7.6 67.8 
4.4 16.8 38.0 0.0 
22.0 4.8 38.0 0.0 
22.0 15.3 11.4 20.8 
48.4 20.0 0.0 56.4 
66.0 22.6 7.8 63.0 
70.5 28.1 26.0 16.2 
62.2 34.4 26.0 29.5 
71.0 28.0 18.2 50.4 
35.9 28.0 47.0 48.0 
41.8 51.7 62.6 39.6 
38.6 73.4 25.0 2.7 
15.6 58.9 5.0 22.8 
0.0 14.0 24.0 48.0 
0.0 35.0 110.0 92.0 
48.0 112.6 107.0 71.0 
101.6 106.0 72.0 71.0 
152.0 45.3 70.0 63.1 
110.8 80.0 70.0 108.0 
119.2 80.0 43.8 147.2 
76.0 71.2 79.0 152.0 
65.4 78.0 79.0 106.4 
70.0 39.0 75.0 38.0 
70.0 72.0 71.0 46.8 
87.0 72.0 63.9 78.0 
160.0 87.0 71.0 78.0 
231.0 149.0 71.0 51.6 
135.0 149.0 63.9 72.0 
213.9 131.9 71.0 57.8 
282.8 80.0 59.6 74.0 
243.9 71.4 78.0 74.0 
112.6 85.8 78.0 58.5 
91.9 132.6 69.5 103.4 
71.0 105.0 77.0 134.3 
49.7 79.0 56.2 89.8 
0.0 71.1 56.0 22.6 
15.0 0.0 47.0 22.0 
30.0 15.0 7.8 15.4 
30.0 30.0 0.0 18.4 
12.0 24.0 22.0 23.0 
0.0 25.0 19.8 17.0 
0.0 25.0 11.0 39.0 
14.0 2.5 22.0 52.6 
36.8 0.0 22.0 53.2 
59.2 25.2 6.6 32.0 
68.4 28.0 10.0 46.0 
51.1 28.0 20.0 64.1 
89.3 28.3 8.0 65.5 
87.2 104.0 40.0 52.0 
91.5 89.0 80.0 77.4 
92.4 45.4 64.0 80.0 
80.0 75.0 45.0 0.0 
72.0 75.0 75.0 63.0 
79.0 57.5 52.5 70.0 
86.5 70.0 65.7 42.0 
77.0 63.0 94.3 63.2 
76.1 29.6 122.1 79.0 
162.8 74.0 142.1 75.4 
192.4 66.6 93.2 88.0 
82.9 32.8 79.0 76.1 
76.5 49.0 11.0 25.0 
79.0 35.8 27.2 15.0 
31.2 13.5 34.8 30.0 
58.6 0.0 18.2 12.0 
103.0 0.0 68.4 7.3 
80.1 67.5 76.0 73.0 
77.0 75.0 53.2 73.0 
201.7 75.0 48.0 66.3 
200.9 31.2 80.0 79.0 
198.6 78.0 80.0 79.0 
182.0 78.0 64.8 68.3 
262.9 39.0 72.0 72.0 
133.6 50.4 64.8 111.2 
78.8 112.0 72.0 87.2 
75.9 111.9 68.4 82.0 
75.0 105.0 26.0 56.0 
39.7 5.0 48.0 43.6 
4.4 14.5 30.0 25.6 
22.0 38.0 6.0 8.0 
35.0 68.0 0.0 0.0 
26.0 71.6 0.0 10.0 
15.6 55.0 0.0 39.6 
11.0 31.0 0.0 48.0 
100.1 20.0 0.0 41.5 
117.1 7.5 0.0 105.0 
65.0 75.0 0.0 102.4 
72.0 60.0 45.6 70.8 
53.6 74.0 76.0 76.0 
129.0 142.4 76.0 76.0 
150.0 83.4 53.2 125.2 
150.8 69.6 76.0 140.0 
140.3 79.0 69.6 107.0 
121.6 63.2 78.0 60.0 
128.0 21.0 78.0 75.0 
86.3 70.0 23.4 75.0 
56.0 75.2 6.0 22.5 
50.6 24.0 30.0 0.0 
86.5 4.8 30.0 4.4 
56.6 0.0 21.0 40.0 
32.4 0.0 0.0 35.4 
42.0 0.0 0.0 20.5 
56.5 0.0 0.0 25.0 
63.3 0.0 0.0 17.5 
83.0 0.0 0.0 0.0 
57.7 22.0 0.0 0.0 
71.2 34.2 20.0 0.0 
66.4 24.0 39.2 0.0 
65.4 21.0 49.0 0.0 
39.2 33.4 39.6 0.0 
20.0 49.0 49.2 29.9 
20.0 47.9 28.0 68.0 
18.8 30.6 0.0 68.0 
40.8 16.8 0.0 19.7 
36.7 20.0 18.0 29.0 
20.3 50.0 30.0 29.0 
66.8 47.6 30.0 17.4 
68.3 10.4 28.0 0.0 
69.8 11.0 22.0 0.0 
55.8 22.0 15.4 0.0 
53.0 54.9 0.0 9.8 
45.6 57.2 10.0 49.0 
45.8 65.0 67.4 49.0 
35.7 57.4 77.0 17.5 
64.6 58.4 18.4 0.0 
74.8 57.0 37.8 0.0 
36.9 25.2 67.2 18.0 
42.1 0.0 56.8 38.1 
70.0 0.0 35.1 46.6 
53.5 5.6 21.6 67.3 
13.5 36.4 0.0 35.0 
54.0 77.4 34.4 16.1 
56.4 52.2 49.0 27.0 
72.6 30.6 24.5 51.7 
32.1 24.0 38.2 75.3 
45.3 7.2 20.0 70.8 
67.6 5.4 8.0 32.2 
64.0 27.0 22.4 0.0 
45.4 27.0 60.4 26.1 
74.0 39.8 78.2 60.2 
72.8 57.0 56.7 53.7 
59.5 63.2 20.0 45.0 
65.8 25.8 24.8 7.2 
58.5 35.4 24.0 16.0 
54.5 24.0 47.2 20.0 
76.6 20.2 29.0 16.0 
77.4 53.0 25.1 0.0 
26.2 66.0 27.0 0.0 
49.6 20.0 27.0 0.0 
43.6 12.0 30.1 0.0 
23.4 2.0 49.0 0.0 
0.0 20.0 39.4 2.5 
2.7 20.0 10.0 25.0 
27.0 2.0 0.0 29.0 
53.0 0.0 23.2 57.4 
67.1 0.0 29.0 63.6 
59.7 0.0 29.0 56.0 
48.4 0.0 0.0 56.0 
60.0 0.0 0.0 34.7 
60.4 24.3 40.6 23.0 
32.7 53.0 80.0 15.0 
57.0 26.0 58.0 32.6 
35.6 10.4 51.4 47.0 
29.2 22.5 20.0 26.0 
51.1 25.0 8.0 10.4 
73.0 30.0 0.0 2.1 
56.4 50.0 20.8 21.0 
48.0 50.0 26.0 21.0 
62.8 15.0 18.2 17.5 
68.0 4.6 0.0 22.0 
59.6 23.0 0.0 6.6 
69.3 23.0 0.0 0.0 
72.4 22.2 0.0 28.0 
58.0 21.0 0.0 32.8 
64.2 23.4 0.0 36.8 
70.9 26.1 0.0 62.0 
53.1 38.1 8.0 74.4 
4.4 47.0 38.0 32.0 
34.0 25.8 46.0 0.0 
55.0 0.0 46.8 0.0 
46.4 23.2 27.0 0.0 
28.0 51.4 4.8 0.0 
42.3 45.5 0.0 0.0 
86.0 56.8 0.0 0.0 
75.0 62.4 42.5 0.0 
15.6 51.0 53.0 34.8 
24.0 24.0 28.7 56.0 
42.0 16.8 5.2 81.0 
60.0 6.6 0.0 57.0 
38.4 22.0 0.0 10.0 
37.0 47.2 0.0 0.0 
42.9 64.4 0.0 0.0 
55.5 29.0 0.0 0.0 
66.9 9.5 0.0 0.0 
51.6 22.0 0.0 8.0 
36.9 13.2 0.0 20.0 
32.0 0.0 0.0 40.0 
40.3 26.0 0.0 31.0 
53.0 41.6 0.0 7.5 
62.7 20.0 9.0 0.0 
62.6 12.0 30.0 0.0 
73.7 0.0 58.5 0.0 
36.9 16.2 62.0 0.0 
28.1 27.0 32.4 0.0 
51.8 8.1 32.6 0.0 
61.6 27.0 41.0 20.7 
42.5 57.0 10.3 33.0 
15.6 30.0 0.0 31.9 
47.6 2.7 0.0 25.0 
74.0 0.0 12.0 5.0 
31.6 21.6 20.0 0.0 
48.6 27.0 8.0 5.0 
40.4 8.1 0.0 25.0 
37.0 0.0 0.0 17.5 
55.4 41.5 15.6 55.4 
40.5 49.0 26.0 96.0 
66.6 18.2 26.0 80.4 
86.0 0.0 7.8 15.0 
85.4 0.0 0.0 38.1 
50.6 0.0 26.4 62.8 
31.6 0.0 44.0 65.0 
57.8 7.5 35.2 26.1 
74.0 25.0 6.6 18.1 
51.2 25.0 0.0 65.6 
27.0 7.5 17.4 74.0 
21.9 0.0 29.0 48.9 
23.0 0.0 41.3 20.0 
16.5 0.0 45.0 35.4 
25.0 0.0 52.2 24.0 
38.5 15.0 37.5 15.4 
42.0 30.0 24.0 0.0 
69.2 21.0 15.4 0.0 
64.5 0.0 26.0 0.0 
47.4 0.0 40.4 0.0 
43.6 0.0 34.4 0.0 
59.5 0.0 24.0 0.0 
69.4 16.0 7.2 0.0 
45.7 20.0 27.0 0.0 
49.4 20.0 73.5 0.0 
78.2 0.0 58.3 5.6 
58.5 5.0 2.5 28.0 
49.2 39.4 0.0 28.0 
51.0 49.0 0.0 8.4 
74.0 41.8 0.0 0.0 
61.7 51.0 3.0 15.6 
52.8 41.9 30.0 45.6 
80.0 33.2 30.0 67.7 
77.7 29.0 29.5 55.0 
58.0 23.2 25.0 69.5 
35.6 0.0 25.0 57.0 
44.6 4.2 0.0 27.9 
72.2 31.0 0.0 0.0 
78.4 48.9 0.0 0.0 
45.4 45.9 0.0 0.0 
24.3 46.0 4.4 20.0 
43.8 29.7 22.0 50.0 
65.1 37.8 22.0 54.2 
45.6 54.9 13.2 31.0 
16.8 68.8 0.0 14.7 
23.4 64.1 0.0 0.0 
72.8 37.7 0.0 3.0 
68.8 14.4 0.0 37.2 
55.7 23.0 0.0 54.0 
59.8 23.0 0.0 33.0 
79.0 44.5 12.0 0.0 
63.6 29.0 41.6 0.0 
54.4 20.6 54.4 0.0 
47.0 30.0 49.5 2.1 
39.8 30.0 66.4 23.9 
8.3 18.0 50.0 50.0 
30.0 8.4 14.5 40.0 
21.0 28.0 14.7 0.0 
33.3 28.0 21.0 0.0 
45.0 16.8 28.2 10.8 
13.8 0.0 51.0 42.0 
0.0 16.8 27.0 57.0 
22.4 28.0 21.6 17.4 
47.2 25.2 5.6 0.0 
67.6 10.5 49.6 5.2 
43.2 21.0 49.2 34.7 
17.0 29.4 0.0 55.0 
23.0 37.7 0.0 34.2 
25.1 35.5 20.3 11.6 
32.5 20.0 29.0 6.0 
28.8 11.6 13.3 43.8 
42.8 29.0 39.0 68.0 
26.0 40.5 37.5 50.6 
26.0 28.8 8.0 34.0 
73.4 23.0 0.0 15.0 
50.0 2.3 4.4 27.0 
47.7 0.0 22.0 27.0 
61.8 0.0 22.0 18.9 
68.0 0.0 25.2 17.4 
50.9 0.0 24.0 29.0 
24.0 28.0 14.4 38.2 
23.1 28.0 0.0 31.7 
74.6 2.8 0.0 16.1 
69.7 21.0 0.0 21.0 
67.3 21.0 0.0 46.9 
47.0 21.0 5.8 51.1 
37.4 41.4 29.0 56.6 
33.6 50.6 40.0 54.0 
49.8 14.5 39.4 31.2 
75.0 13.5 22.0 0.0 
56.5 27.0 23.3 20.3 
66.6 10.8 49.4 34.6 
64.6 0.0 79.1 45.4 
79.6 0.0 69.6 28.0 
29.8 0.0 51.8 5.6 
